#blabla
117
2.877607156847111 0.01030087600525967 0.5958104389639017 1.0 1.0 1.0
2.944742603600207 0.01071691717885036 0.5838166126797639 1.0 1.0 1.0
3.013257269218228 0.0111497662980533 0.5720757640195586 1.0 1.0 1.0
3.083178077816987 0.01160010240931423 0.5605819222556084 1.0 1.0 1.0
3.154532501518437 0.01206863199255556 0.5493292907690739 1.0 1.0 1.0
3.227348571355162 0.01255609006952066 0.5383122404895438 1.0 1.0 1.0
3.30165488837969 0.0130632413568999 0.5275253036348617 1.0 1.0 1.0
3.377480634982524 0.0135908814660483 0.5169631677366002 1.0 1.0 1.0
3.454855586422741 0.01413983815117808 0.5066206699373129 1.0 1.0 1.0
3.533810122574907 0.0147109726079856 0.4964927915463799 1.0 1.0 1.0
3.614375239895977 0.01530518082475152 0.4865746528419212 1.0 1.0 1.0
3.696582563615725 0.01592339498803551 0.4768615081068839 1.0 1.0 1.0
3.780464360154091 0.01656658494517314 0.4673487408880126 1.0 1.0 1.0
3.866053549768673 0.01723575972587153 0.4580318594669949 1.0 1.0 1.0
3.953383719435358 0.017931969125294 0.4489064925336233 1.0 1.0 1.0
4.042489135964846 0.0186563053511206 0.4399683850513568 1.0 1.0 1.0
4.133404759357493 0.01940990473717258 0.4312133943061658 1.0 1.0 1.0
4.22616625639856 0.02019394952629375 0.4226374861300429 1.0 1.0 1.0
4.320810014495523 0.02100966972529145 0.4142367312910256 1.0 1.0 1.0
4.417373155758574 0.02185834503485351 0.406007302042035 1.0 1.0 1.0
4.515893551324905 0.02274130685747675 0.3979454688212637 1.0 1.0 1.0
4.616409835926618 0.02365994038656581 0.3900475970972695 1.0 1.0 1.0
4.718961422701359 0.02461568677999037 0.3823101443523312 1.0 1.0 1.0
4.823588518243811 0.0256100454215229 0.3747296571980152 1.0 1.0 1.0
4.930332137895093 0.02664457627371926 0.3673027686172772 1.0 1.0 1.0
5.039234121265872 0.02772090232595016 0.3600261953277902 1.0 1.0 1.0
5.150337147987529 0.02884071214144399 0.3528967352615423 1.0 1.0 1.0
5.263684753684008 0.03000576250735992 0.3459112651560999 1.0 1.0 1.0
5.379321346155055 0.03121788119207627 0.3390667382532641 1.0 1.0 1.0
5.497292221759261 0.0324789698140515 0.3323601821011861 1.0 1.0 1.0
5.617643581982738 0.03379100682679614 0.3257886964563301 1.0 1.0 1.0
5.740422550176196 0.03515605062468238 0.319349451282001 1.0 1.0 1.0
5.865677188439776 0.03657624277451509 0.3130396848404707 1.0 1.0 1.0
5.99345651463091 0.0380538113779944 0.3068567018760612 1.0 1.0 1.0
6.123810519465896 0.03959107457041531 0.300797871886866 1.0 1.0 1.0
6.256790183680557 0.04119044416117605 0.2948606274831101 1.0 1.0 1.0
6.392447495209175 0.04285442942190319 0.2890424628304876 1.0 1.0 1.0
6.530835466333883 0.0445856410282499 0.283340932177142 1.0 1.0 1.0
6.672008150748546 0.04638679516168436 0.2777536484633068 1.0 1.0 1.0
6.816020660471832 0.04826071777785883 0.2722782820129726 1.0 1.0 1.0
6.962929182533442 0.05021034904843814 0.2669125593073176 1.0 1.0 1.0
7.112790995345123 0.0522387479835696 0.2616542618400219 1.0 1.0 1.0
7.265664484653914 0.05434909724249622 0.2565012250549826 1.0 1.0 1.0
7.421609158958786 0.0565447081401532 0.2514513373673722 1.0 1.0 1.0
7.580685664253167 0.05882902585794492 0.2465025392694248 1.0 1.0 1.0
7.742955797934347 0.06120563486727867 0.2416528225228058 1.0 1.0 1.0
7.908482521696182 0.06367826457483367 0.2369002294399221 1.0 1.0 1.0
8.077329973193244 0.06625079519897172 0.2322428522570643 1.0 1.0 1.0
8.249563476232231 0.06892726388715209 0.2276788326028434 1.0 1.0 1.0
8.425249549209314 0.07171187108470095 0.2232063610659964 1.0 1.0 1.0
8.60445591146963 0.07460898716580758 0.2188236768672935 1.0 1.0 1.0
8.787251487216482 0.07762315933818062 0.2145290676409864 1.0 1.0 1.0
8.9737064065421 0.08075911883340123 0.2103208693319965 1.0 1.0 1.0
9.163892003088199 0.08402178839566177 0.2061974662158623 1.0 1.0 1.0
9.357880807771789 0.0874162900822842 0.2021572910493459 1.0 1.0 1.0
9.555746537928592 0.09094795339017865 0.1981988253605464 1.0 1.0 1.0
9.757564081131662 0.09462232372323584 0.1943205998883902 1.0 1.0 1.0
9.963409472834725 0.09844517121655832 0.1905211951824597 1.0 1.0 1.0
10.1733598668667 0.1024224999344315 0.1867992423752986 1.0 1.0 1.0
10.38749349766396 0.1065605574600299 0.1831534241405819 1.0 1.0 1.0
10.60588963296797 0.1108658448960576 0.1795824758518782 1.0 1.0 1.0
10.82862851553574 0.1153451272968514 0.1760851869581424 1.0 1.0 1.0
11.05579129220649 0.1200054445539411 0.1726604025935759 1.0 1.0 1.0
11.28745992843778 0.1248541227586919 0.1693070254410522 1.0 1.0 1.0
11.52371710616445 0.1298987860674534 0.1660240178699355 1.0 1.0 1.0
11.76464610254217 0.135147369096649 0.1628104043707929 1.0 1.0 1.0
12.01033064681062 0.1406081298774666 0.159665274311199 1.0 1.0 1.0
12.26085475214636 0.1462896634022907 0.156587785038527 1.0 1.0 1.0
12.51630251897031 0.1522009157977751 0.153577165357272 1.0 1.0 1.0
12.77675790572619 0.15835119916252 0.1506327194100067 1.0 1.0 1.0
13.042304462654 0.1647502071107221 0.1477538309924658 1.0 1.0 1.0
13.3130250235445 0.1714080310669341 0.1449399683343967 1.0 1.0 1.0
13.58900134987923 0.1783351773612347 0.1421906893786101 1.0 1.0 1.0
13.87031372113789 0.1855425851786923 0.1395056475909614 1.0 1.0 1.0
14.15704046439693 0.1930416454220152 0.1368845983336423 1.0 1.0 1.0
14.44925741566054 0.2008442205517328 0.1343274058329532 1.0 1.0 1.0
14.747037304671 0.2089626654741222 0.1318340507704182 1.0 1.0 1.0
15.0504490542626 0.2174098495533537 0.129404638522409 1.0 1.0 1.0
15.35955698467943 0.2261991798309057 0.1270394080680147 1.0 1.0 1.0
15.67441991271342 0.2353446255420777 0.1247387415773423 1.0 1.0 1.0
15.99509013508534 0.2448607440262529 0.1225031746822991 1.0 1.0 1.0
16.32161228525603 0.2547627081341756 0.1203334074186943 1.0 1.0 1.0
16.6540220529012 0.2650663352416013 0.1182303158116454 1.0 1.0 1.0
16.99234475571564 0.2757881179837995 0.116194964055219 1.0 1.0 1.0
17.33659375415752 0.2869452568289996 0.1142286172113799 1.0 1.0 1.0
17.68676870135118 0.2985556946102479 0.1123327543221477 1.0 1.0 1.0
18.04285362280951 0.3106381531334539 0.1105090817919033 1.0 1.0 1.0
18.4048148241099 0.3232121719736147 0.1087595468538187 1.0 1.0 1.0
18.77259862936759 0.3362981495601841 0.1070863508854139 1.0 1.0 1.0
19.14612895951024 0.3499173866350144 0.1054919622837478 1.0 1.0 1.0
19.52530476716476 0.3640921321409675 0.1039791285517805 1.0 1.0 1.0
19.90999735458225 0.378845631564931 0.102550887185817 1.0 1.0 1.0
20.30004761253391 0.3942021777146214 0.1012105748924705 1.0 1.0 1.0
20.69526323147983 0.410187163853689 0.09996183460620857 1.0 1.0 1.0
21.09541595134113 0.4268271390545227 0.09880861973050525 1.0 1.0 1.0
21.50023893246462 0.4441498655541215 0.09775519499348545 1.0 1.0 1.0
21.90942434713916 0.4621843778182473 0.09680613330047311 1.0 1.0 1.0
22.32262130725165 0.4809610429373653 0.09596630798968959 1.0 1.0 1.0
22.73943425794157 0.5005116219011673 0.09524087996235073 1.0 1.0 1.0
23.15942197766667 0.5208693312352999 0.09463527927271422 1.0 1.0 1.0
23.58209732989689 0.5420689044445095 0.09415518093330964 1.0 1.0 1.0
24.00692790855971 0.5641466527019022 0.09380647491808296 1.0 1.0 1.0
24.43333770633678 0.5871405242652366 0.0935952306286273 1.0 1.0 1.0
24.86070991036195 0.6110901621969058 0.0935276564163275 1.0 1.0 1.0
25.28839089300033 0.636036960119294 0.09361005510857209 1.0 1.0 1.0
25.71569541657535 0.6620241159501734 0.09384877684480496 1.0 1.0 1.0
26.1419130119964 0.68909668382478 0.0942501708561968 1.0 1.0 1.0
26.5663154256645 0.7173016247048568 0.09482053808553692 1.0 1.0 1.0
26.98816496172087 0.7466878564754594 0.09556608670659351 1.0 1.0 1.0
27.40672348366609 0.7773063046076619 0.09649289263548755 1.0 1.0 1.0
27.82126178703216 0.8092099546882253 0.09760686701249306 1.0 1.0 1.0
28.23106901908767 0.8424539082580789 0.09891373236841633 1.0 1.0 1.0
28.63546180704774 0.8770954434408428 0.1004190087901836 1.0 1.0 1.0
29.03379276531857 0.9131940817734647 0.1021280108972537 1.0 1.0 1.0
29.42545808464259 0.9508116624801518 0.1040458558789784 1.0 1.0 1.0
29.80990395864767 0.9900124251780263 0.1061774822751908 1.0 1.0 1.0
30.18663167099187 1.030863101698036 0.1085276786599529 1.0 1.0 1.0
2.877919703499637 0.01027810313690512 0.5964884501550706 1.0 1.0 1.0
2.94522316694856 0.0107115818195947 0.5839658709258595 1.0 1.0 1.0
3.013803280270201 0.01115328296925289 0.5719832540647798 1.0 1.0 1.0
3.083735060753826 0.01160368974668692 0.5604931232073487 1.0 1.0 1.0
3.155101140559323 0.01206333435749187 0.5494527624998781 1.0 1.0 1.0
3.227992891198422 0.01253280529445121 0.5388235114834782 1.0 1.0 1.0
3.302511770352767 0.01301275601193314 0.52857016246637 1.0 1.0 1.0
3.378770947106553 0.01350391539346051 0.5186604387096895 1.0 1.0 1.0
3.456897279156328 0.01400710048624561 0.5090645354284078 1.0 1.0 1.0
3.537033739641079 0.01452323213157613 0.4997547081449522 1.0 1.0 1.0
3.619342424875961 0.01505335433660359 0.4907048944817836 1.0 1.0 1.0
3.704008322006511 0.01559865854052074 0.4818903560855749 1.0 1.0 1.0
3.791244084500929 0.01616051437188073 0.4732873269672638 1.0 1.0 1.0
3.881296164749946 0.01674050914658389 0.4648726528943558 1.0 1.0 1.0
3.974452805289881 0.01734049933662341 0.4566234031327174 1.0 1.0 1.0
4.071054624275668 0.01796267874751145 0.4485164299800904 1.0 1.0 1.0
4.171508900415609 0.01860967052267803 0.440527841683403 1.0 1.0 1.0
4.276309263652774 0.01928465396444268 0.4326323377966017 1.0 1.0 1.0
4.38606350920357 0.01999154367476276 0.4248023277769486 1.0 1.0 1.0
4.501534022109448 0.02073524991600124 0.4170067038122601 1.0 1.0 1.0
4.623698540396783 0.02152206996574191 0.409209047395937 1.0 1.0 1.0
4.753845250277769 0.02236030059258636 0.4013648722755634 1.0 1.0 1.0
4.893729132204917 0.02326124502783524 0.3934171419603354 1.0 1.0 1.0
5.045845357775161 0.02424097382182134 0.3852884878100683 1.0 1.0 1.0
5.213946912865569 0.02532365867821004 0.3768665548036846 1.0 1.0 1.0
5.404134886269469 0.02654859463172289 0.3679732994794251 1.0 1.0 1.0
5.627530635360946 0.0279874105569704 0.358290286131102 1.0 1.0 1.0
5.908564078017325 0.0297974512335079 0.3471298275675268 1.0 1.0 1.0
6.324647812176923 0.03247730483582573 0.3323687758123389 1.0 1.0 1.0
7.074647812176923 0.03730779936548557 0.309932146930711 1.0 1.0 1.0
6.656021765925074 0.034611571596962 0.321871789491775 1.0 1.0 1.0
5.159876413373276 0.02497540900885872 0.379514980434443 1.0 1.0 1.0
5.342352712511872 0.02615067669523412 0.3707928694860968 1.0 1.0 1.0
5.553757560728668 0.02751226331237386 0.3614029247342185 1.0 1.0 1.0
5.812726116625227 0.02918019156919019 0.3508176981572502 1.0 1.0 1.0
6.170224252709137 0.03148271529014608 0.3376246532754057 1.0 1.0 1.0
6.920224252709137 0.03631320981980592 0.3141800877538291 1.0 1.0 1.0
6.350147208940445 0.03264153776459348 0.3315242929760341 1.0 1.0 1.0
7.100147208940445 0.03747203229425334 0.3092471526299636 1.0 1.0 1.0
6.699113976084794 0.0348891138442253 0.3205786126451492 1.0 1.0 1.0
5.516347856510086 0.02727132015026179 0.3630126435333738 1.0 1.0 1.0
5.765400751108047 0.02887538501019699 0.352682695030012 1.0 1.0 1.0
6.099658266637625 0.03102822381054808 0.3401109023599883 1.0 1.0 1.0
6.717688769814111 0.03500874776355734 0.3200259820140187 1.0 1.0 1.0
5.632867136591409 0.02802178114363878 0.3580682358722845 1.0 1.0 1.0
5.915643414644743 0.02984304682931104 0.3468620049945906 1.0 1.0 1.0
6.336825645275549 0.03255573811071377 0.3319646687913829 1.0 1.0 1.0
7.086825645275549 0.03738623264037361 0.3096044441606759 1.0 1.0 1.0
6.676790062397112 0.03474533312029338 0.3212465915505616 1.0 1.0 1.0
5.35006117932207 0.02620032430424576 0.3704375332426699 1.0 1.0 1.0
5.562891355929089 0.02757109097604142 0.3610131450868351 1.0 1.0 1.0
5.824401975441037 0.02925539179870866 0.3503621098138976 1.0 1.0 1.0
6.188139609305559 0.0315981019995273 0.3370020764762386 1.0 1.0 1.0
6.938139609305559 0.03642859652918715 0.3136782849159346 1.0 1.0 1.0
6.391025922139044 0.03290482363190731 0.3301838177349041 1.0 1.0 1.0
7.141025922139044 0.03773531816156715 0.3081584434164479 1.0 1.0 1.0
6.765305543149637 0.03531543118104707 0.3186222643494923 1.0 1.0 1.0
5.870447809561457 0.0295519573318184 0.3485825697350088 1.0 1.0 1.0
6.261072087259583 0.03206783524724924 0.3345027029779691 1.0 1.0 1.0
7.011072087259583 0.03689832977690909 0.3116600293299337 1.0 1.0 1.0
6.541036053235755 0.03387098778878226 0.3254006066260756 1.0 1.0 1.0
1.434822013071176 0.0009836024710658687 2.166590900229829 1.0 1.0 1.0
1.482925253950703 0.001293419060302486 1.836593311741493 1.0 1.0 1.0
1.531490313386881 0.001606210065554572 1.618118124093872 1.0 1.0 1.0
1.580530708696958 0.001922062547258156 1.460289903070475 1.0 1.0 1.0
1.630060628390382 0.00224106788876959 1.339547995069428 1.0 1.0 1.0
1.680094979703254 0.002563322102518797 1.243360847845154 1.0 1.0 1.0
1.730649440545298 0.00288892616458199 1.164392613746812 1.0 1.0 1.0
1.781740516370021 0.003217986380963003 1.098035344418213 1.0 1.0 1.0
1.833385602550023 0.00355061478933142 1.041233738993476 1.0 1.0 1.0
1.885603052922435 0.003886929600500381 0.9918733039112251 1.0 1.0 1.0
1.938412255266426 0.004227055684551509 0.9484388491030102 1.0 1.0 1.0
1.991833714588385 0.004571125107246403 0.90981288412517 1.0 1.0 1.0
2.045889145224036 0.004919277723224961 0.8751509830422681 1.0 1.0 1.0
2.100601572924468 0.005271661833506762 0.8438016950047375 1.0 1.0 1.0
2.155995448279961 0.00562843491601525 0.815253358597768 1.0 1.0 1.0
2.212096773057677 0.005989764439275825 0.7890977674650712 1.0 1.0 1.0
2.268933241294711 0.006355828771148057 0.7650047281906799 1.0 1.0 1.0
2.326534397306188 0.006726818196502089 0.7427038547716676 1.0 1.0 1.0
2.384931813151544 0.007102936060218439 0.7219712886748567 1.0 1.0 1.0
2.444159288566111 0.007484400054879281 0.7026198442445313 1.0 1.0 1.0
2.504253076929646 0.00787144367615474 0.6844915822783898 1.0 1.0 1.0
2.565252141533633 0.0082643178733333 0.6674521347737457 1.0 1.0 1.0
2.627198447257887 0.008663292927911495 0.6513863123566465 1.0 1.0 1.0
2.690137293816633 0.009068660599918326 0.6361946645241386 1.0 1.0 1.0
2.754117698040401 0.009480736590062776 0.6217907567208534 1.0 1.0 1.0
2.819192834296294 0.009899863376330727 0.6080989929552191 1.0 1.0 1.0
2.885420544212934 0.0103264134969497 0.595052857915388 1.0 1.0 1.0
2.952863929498933 0.01076079336853071 0.5825934846512081 1.0 1.0 1.0
3.021592045002581 0.01120344774982964 0.5706684769528374 1.0 1.0 1.0
3.091680713498777 0.01165486498951233 0.5592309323068845 1.0 1.0 1.0
3.163213489343485 0.01211558323272466 0.5482386235850332 1.0 1.0 1.0
3.236282805576857 0.01258619780919305 0.5376533066701804 1.0 1.0 1.0
3.310991348950797 0.01306737008930861 0.5274401279108756 1.0 1.0 1.0
3.3874537206629 0.01355983818034878 0.5175671102065764 1.0 1.0 1.0
3.465798458691656 0.0140644299516495 0.5080047000633694 1.0 1.0 1.0
3.546170522611733 0.01458207903845405 0.498725360379211 1.0 1.0 1.0
3.628734376729268 0.01511384469933722 0.4897031951603107 1.0 1.0 1.0
3.713677857076281 0.01566093672219924 0.4809135928686543 1.0 1.0 1.0
3.801217079687293 0.01622474703680347 0.4723328745675914 1.0 1.0 1.0
3.891602753559197 0.0168068903744006 0.4639379312222803 1.0 1.0 1.0
3.985128421289162 0.01740925734287044 0.4557058309400406 1.0 1.0 1.0
4.082141396483188 0.01803408487084479 0.4476133707216645 1.0 1.0 1.0
4.183057556764735 0.01868405148443719 0.439636536858015 1.0 1.0 1.0
4.288381787339842 0.01936240897728211 0.4317498205651736 1.0 1.0 1.0
4.398736944798522 0.02007316895651398 0.4239253053869975 1.0 1.0 1.0
4.514906100314798 0.02082137491682941 0.4161313896867256 1.0 1.0 1.0
4.637896301495915 0.02161351290883895 0.4083309093104097 1.0 1.0 1.0
4.769038864998371 0.02245815748964452 0.4004782342995987 1.0 1.0 1.0
4.910155298662725 0.02336704037079221 0.3925145164406141 1.0 1.0 1.0
5.063849748531775 0.02435693396990091 0.3843593706336135 1.0 1.0 1.0
5.234068476305362 0.02545325481437553 0.3758950447834165 1.0 1.0 1.0
5.4272953118248 0.02669776304365571 0.366932779177671 1.0 1.0 1.0
5.655544270256125 0.02816783683712648 0.3571292317173487 1.0 1.0 1.0
5.945974246880943 0.03003839738824036 0.3457215209556495 1.0 1.0 1.0
6.390493402399185 0.03290139385365354 0.3302011754175516 1.0 1.0 1.0
7.140493402399185 0.03773188838331339 0.3081725519382959 1.0 1.0 1.0
6.764463836401599 0.03531001003459112 0.3186469171639847 1.0 1.0 1.0
5.866827579973757 0.0295286406661924 0.3487214998419428 1.0 1.0 1.0
6.255194830817268 0.03202998184045722 0.3347020567747022 1.0 1.0 1.0
7.005194830817268 0.03686047637011707 0.3118212277995703 1.0 1.0 1.0
6.529761274992575 0.0337983707826132 0.3257529064145371 1.0 1.0 1.0
2.877661381514214 0.01030121203779137 0.5958004516334061 1.0 1.0 1.0
2.944797919842364 0.01071726664544236 0.5838068402386969 1.0 1.0 1.0
3.013313697916179 0.01115012973607565 0.5720662012992764 1.0 1.0 1.0
3.083235640268685 0.01160048037763218 0.5605725642404513 1.0 1.0 1.0
3.154591219447185 0.01206902507238938 0.5493201325905435 1.0 1.0 1.0
3.227408466917884 0.0125564988653399 0.5383032774207493 1.0 1.0 1.0
3.301715984175363 0.01306366649735339 0.527516531085222 1.0 1.0 1.0
3.377542954060763 0.01359132360493141 0.5169545812467863 1.0 1.0 1.0
3.454919152292542 0.01414029796843861 0.5066122651744236 1.0 1.0 1.0
3.533874959213547 0.01471145081076999 0.4964845642993356 1.0 1.0 1.0
3.614441371758082 0.01530567814849285 0.4865665990170662 1.0 1.0 1.0
3.696650015642495 0.01592391219758511 0.4768536237237888 1.0 1.0 1.0
3.7805331577827 0.0165671228359774 0.4673410220754642 1.0 1.0 1.0
3.866123718941834 0.01723631912519585 0.4580243024591658 1.0 1.0 1.0
3.953455286611059 0.01793255089349574 0.4488990936664133 1.0 1.0 1.0
4.04256212812626 0.01865691038297294 0.4399611407588969 1.0 1.0 1.0
4.133479204023061 0.01941053396324135 0.4312063011174773 1.0 1.0 1.0
4.226242181632252 0.02019460391436943 0.4226305406658437 1.0 1.0 1.0
4.320887448917269 0.02101035028187842 0.4142299302606782 1.0 1.0 1.0
4.417452128554875 0.02185905280671902 0.4060006422406282 1.0 1.0 1.0
4.515974092259619 0.02274204293326174 0.3979389471268226 1.0 1.0 1.0
4.61649197535192 0.02366070589846046 0.3900412104680872 1.0 1.0 1.0
4.719045191568875 0.02461648290547655 0.3823038898244179 1.0 1.0 1.0
4.823673948115919 0.02561087338518652 0.3747235318826589 1.0 1.0 1.0
4.930419260956393 0.02664543734913519 0.3672967696987111 1.0 1.0 1.0
5.039322970334823 0.02772179783764273 0.3600203200609616 1.0 1.0 1.0
5.150427756528231 0.02884164346692591 0.3528909809699813 1.0 1.0 1.0
5.263777155818146 0.03000673107925314 0.3459056292298806 1.0 1.0 1.0
5.379415576673974 0.03121888850031775 0.3390612181470575 1.0 1.0 1.0
5.497388316136176 0.0324800174081875 0.3323547753323992 1.0 1.0 1.0
5.617741576385052 0.03379209631836847 0.3257834006033307 1.0 1.0 1.0
5.740522481477929 0.03515718368971065 0.319344263982422 1.0 1.0 1.0
5.865779094234064 0.03657742115607839 0.3130346037895947 1.0 1.0 1.0
5.993560433242568 0.03805503688891684 0.3068517248252812 1.0 1.0 1.0
6.123916489964014 0.03959234909605958 0.3007929966422199 1.0 1.0 1.0
6.256898245891091 0.04119176966234916 0.2948558519038896 1.0 1.0 1.0
6.39255768972751 0.0428558079378793 0.2890377848279176 1.0 1.0 1.0
6.530947834537311 0.04458707467991494 0.2833363497131308 1.0 1.0 1.0
6.672122734808618 0.04638828615480736 0.2777491595492649 1.0 1.0 1.0
6.816137503366531 0.0482622684064953 0.2722738847087014 1.0 1.0 1.0
6.963048328059093 0.050211961698471 0.2669082517199665 1.0 1.0 1.0
7.112912488127982 0.05224042513639335 0.2616500421231133 1.0 1.0 1.0
7.265788370161331 0.05435084147885028 0.2564970914075073 1.0 1.0 1.0
7.42173548350985 0.05654652214411094 0.2514472880329533 1.0 1.0 1.0
7.580814475028704 0.05883091242106467 0.2464985725355534 1.0 1.0 1.0
7.743087142986137 0.06120759689292392 0.2416489367201485 1.0 1.0 1.0
7.908616449955234 0.06368030508266954 0.2368964229417034 1.0 1.0 1.0
8.077466534476951 0.06625291732964554 0.2322391234785252 1.0 1.0 1.0
8.249702721250177 0.06892947090716584 0.2276751800007796 1.0 1.0 1.0
8.425391529567513 0.07171416639148444 0.2232027831383793 1.0 1.0 1.0
8.604600679672897 0.07461137429300113 0.2188201721529779 1.0 1.0 1.0
8.78739909666862 0.07762564196113685 0.2145256347195093 1.0 1.0 1.0
8.973856911543546 0.08076170077491572 0.210317506823472 1.0 1.0 1.0
9.164045458830685 0.08402447363194404 0.2061941727809783 1.0 1.0 1.0
9.358037270329543 0.08741908274917928 0.2021540653894694 1.0 1.0 1.0
9.555906064245526 0.09095085778965248 0.1981956662179443 1.0 1.0 1.0
9.757726729003904 0.09462534433013671 0.1943175060465735 1.0 1.0 1.0
9.963575300887756 0.09844831268566864 0.1905181654666608 1.0 1.0 1.0
10.17352893452628 0.1024257671078243 0.1867962756530906 1.0 1.0 1.0
10.38766586511987 0.1065639553747469 0.1831505193226519 1.0 1.0 1.0
10.60606536112951 0.1108693787921256 0.1795796318929655 1.0 1.0 1.0
10.82880766597769 0.1153488026256552 0.176082402858156 1.0 1.0 1.0
11.0559739271042 0.1200092669869746 0.1726576773989049 1.0 1.0 1.0
11.28764611048969 0.1248580981967084 0.1693043582460844 1.0 1.0 1.0
11.52390689850025 0.1299029206500388 0.1660214078188023 1.0 1.0 1.0
11.76483956861457 0.1351516692122454 0.1628078506593583 1.0 1.0 1.0
12.01052785026835 0.1406126021738741 0.1596627761893119 1.0 1.0 1.0
12.26105575668568 0.146294314797679 0.1565853418125579 1.0 1.0 1.0
12.51650738816214 0.1522057534922384 0.1535747763929583 1.0 1.0 1.0
12.77696670281549 0.1583562306502163 0.1506303841356274 1.0 1.0 1.0
13.04251725032753 0.1647554401926341 0.1477515489023721 1.0 1.0 1.0
13.31324186366288 0.1714134738643017 0.1449377389929235 1.0 1.0 1.0
13.58922230316851 0.1783408383297067 0.1421885124243952 1.0 1.0 1.0
13.87053884683548 0.1855484731232535 0.139503522741698 1.0 1.0 1.0
14.1572698198462 0.1930477695127519 0.1368825253912902 1.0 1.0 1.0
14.44949105584777 0.2008505903404985 0.1343253846894355 1.0 1.0 1.0
14.74727528169794 0.2089692909121808 0.1318320814138244 1.0 1.0 1.0
15.05069141674729 0.2174167410100755 0.1294027210437251 1.0 1.0 1.0
15.35980377707754 0.2262063481136024 0.127037542668395 1.0 1.0 1.0
15.67467117455191 0.2353520819170662 0.1247369285759311 1.0 1.0 1.0
15.99534590010007 0.2448685002412433 0.1225014145246033 1.0 1.0 1.0
16.32187258042483 0.2547707764420841 0.1203317006854946 1.0 1.0 1.0
16.65428689736424 0.265074728425888 0.1182286632284215 1.0 1.0 1.0
16.99261415957534 0.275796849385435 0.1161933665020448 1.0 1.0 1.0
17.33686771715151 0.2869543403751572 0.1142270757332252 1.0 1.0 1.0
17.68704721139328 0.2985651448448104 0.1123312701394937 1.0 1.0 1.0
18.04313665439624 0.3106479852494132 0.1105076563115507 1.0 1.0 1.0
18.40510233659333 0.323222401847416 0.1087581816797298 1.0 1.0 1.0
18.77289056509963 0.3363087937880402 0.1070850478293883 1.0 1.0 1.0
19.14642524186923 0.3499284625711683 0.1054907233756874 1.0 1.0 1.0
19.52560529848225 0.3641036579378363 0.1039779560492467 1.0 1.0 1.0
19.91030201399613 0.3788576262149893 0.1025497835825336 1.0 1.0 1.0
20.30035625380439 0.3942146610938049 0.1012095429253722 1.0 1.0 1.0
20.69557568081584 0.4102001567660064 0.09996087726058653 1.0 1.0 1.0
21.09573200529754 0.4268406632774579 0.0988077402427609 1.0 1.0 1.0
21.5005583559836 0.4441639438842963 0.09775439685097541 1.0 1.0 1.0
21.90974687182247 0.4621990341167095 0.09680542023792167 1.0 1.0 1.0
22.32294662996249 0.4809763021737603 0.09596568398166555 1.0 1.0 1.0
22.7397620398447 0.5005275101959806 0.09524034921136099 1.0 1.0 1.0
23.15975184382115 0.5208858758993171 0.0946348461925654 1.0 1.0 1.0
23.58242886951629 0.5420861340146538 0.09415485012753527 1.0 1.0 1.0
24.00726067604775 0.5641645969726956 0.0938062511534304 1.0 1.0 1.0
24.43367122319053 0.5871592143153056 0.09359511880384332 1.0 1.0 1.0
24.86104366800949 0.6111096304101914 0.09352766152676494 1.0 1.0 1.0
25.28872435660464 0.6360572402009944 0.0936101822074478 1.0 1.0 1.0
25.71602802979182 0.6620452429378336 0.0938490310022478 1.0 1.0 1.0
26.142244202621 0.6891186940954241 0.09425055711750668 1.0 1.0 1.0
26.5666446120552 0.7173245559795082 0.09482106143029863 1.0 1.0 1.0
26.9884915598226 0.7467117478228185 0.09556675201042317 1.0 1.0 1.0
27.40704691442282 0.7773311964490285 0.09649370463620746 1.0 1.0 1.0
27.82158148393534 0.8092358888059623 0.09760783028242022 1.0 1.0 1.0
28.23138443559075 0.8424809278098953 0.09891485129420483 1.0 1.0 1.0
28.63577242357635 0.8771235929820567 0.1004202875613031 1.0 1.0 1.0
29.03409809562434 0.9132234072890334 0.1021294535037368 1.0 1.0 1.0
29.42575768128512 0.9508422114278267 0.1040474661185786 1.0 1.0 1.0
29.81019741743962 0.9900442465434036 0.1061792637695971 1.0 1.0 1.0
30.18691863430206 1.030894218722278 0.1085295152210963 1.0 1.0 1.0
